+841121000001
+841121000002
+841111100003
+841121000004
+841121000005
+841121000006
+841121000007
+841111100018
+841121000019
+841121000011
+841121000012
+841121000013
+841111100014
+841121000015
+841121000016
+841121000017
+841121000018
+841111100019
+841121000020
+841121000021
+841121000023
+841121000024
+841111100025
+841111100026
+841111100027
+841111100028
+841111100028
+841111100028
+841111100028
+841121000029
+841121000030
+841111100031
+841121000032
+841121000033
+841121000034
+841121000035
+841111100036
+841121000037
+841121000038
+841121000039
+841121000040
+841111100041
+841121000042
+841121000043
+841121000044
+841121000045
+841111100046
+841121000047
+841121000048
+841121000049
+841121000050
+841111100051
+841111100052
+841111100053
+841111100054
+841111100055
+841121000056
+841121000004
+841111100005
+841121000006
+841121000007
+841121000008
+841121000009
+841111100010
+841121000011
+841121000012
+841121000013
+841121000014
+841111100015
+841121000016
+841121000017
+841121000018
+841121000019
+841111100020
+841121000021
+841121000022
+841121000023
+841121000024
+841111100025
+841111100026
+841111100027
+841111100028
+841111100028
+841111100028
+841111100028
+841121000003
+841121000004
+841111100005
+841121000006
+841121000007
+841121000008
+841121000009
+841111100010
+841121000011
+841121000012
+841121000013
+841121000014
+841111100015
+841121000016
+841121000017
+841121000018
+841121000019
+841111100020
+841121000021
+841121000022
+841121000023
+841121000024
+841111100025
+841111100026
+841111100027
+841111100028
+841111100028
+841121000003
+841121000004
+841111100005
+841121000006
+841121000007
+841121000008
+841121000009
+841111100010
+841121000011
+841121000012
+841121000013
+841121000014
+841111100015
+841121000016
+841121000017
+841121000018
+841121000019
+841111100020
+841121000021
+841121000022
+841121000023
+841121000024
+841111100025
+841111100026
+841111100027
+841111100028
+841111100028
+841111100028
+841111100028
+841121000003
+841121000004
+841111100005
+841121000006
+841121000007
+841121000008
+841121000009
+841111100010
+841121000011
+841121000012
+841121000013
+841121000014
+841111100015
+841121000016
+841121000017
+841121000018
+841121000019
+841111100020
+841121000021
+841121000022
+841121000023
+841121000024
+841111100025
+841111100026
+841111100027
+841111100028
+841111100028
+841121000003
+841121000004
+841111100005
+841121000006
+841121000007
+841121000008
+841121000009
+841111100010
+841121000011
+841121000012
+841121000013
+841121000014
+841111100015
+841121000016
+841121000017
+841121000018
+841121000019
+841111100020
+841121000021
+841121000022
+841121000023
+841121000024
+841111100025
+841111100026
+841111100027
+841111100028
+841111100028
+841111100028
+841111100028
+841121000003
+841121000004
+841111100005
+841121000006
+841121000007
+841121000008
+841121000009
+841111100010
+841121000011
+841121000012
+841121000013
+841121000014
+841111100015
+841121000016
+841121000017
+841121000018
+841121000019
+841111100020
+841121000021
+841121000022
+841121000023
+841121000024
+841111100025
+841111100026
+841111100027
+841111100028
+841111100028
+841121000003
+841121000004
+841111100005
+841121000006
+841121000007
+841121000008
+841121000009
+841111100010
+841121000011
+841121000012
+841121000013
+841121000014
+841111100015
+841121000016
+841121000017
+841121000018
+841121000019
+841111100020
+841121000021
+841121000022
+841121000023
+841121000024
+841111100025
+841111100026
+841111100027
+841111100028
+841111100028
+841111100028
+841111100028
+841121000003
+841121000004
+841111100005
+841121000006
+841121000007
+841121000008
+841121000009
+841111100010
+841121000011
+841121000012
+841121000013
+841121000014
+841111100015
+841121000016
+841121000017
+841121000018
+841121000019
+841111100020
+841121000021
+841121000022
+841121000023
+841121000024
+841111100025
+841111100026
+841111100027
+841111100028
+841111100028